89
125
180
252
273
307
318
353
385
438
479
544
599
644
732
799
874
940
994
1089
1103
1115
1151
1184
1265
1287
1332
1385
1404
1472
1569
1650
1691
1706
1718
1791
1838
1912
1949
2048
2081
2124
2175
2264
2299
2373
2389
2450
2496
2573
2611
2650
2667
2681
2705
2726
2801
2860
2895
2982
3023
3034
3085
3134
3145
3202
3273
3355
3399
3495
3506
3581
3598
3631
3664
3742
3818
3831
3920
3965
3983
4009
4097
4140
4161
4215
4239
4266
4329
4394
4468
4509
4571
4632
4650
4692
4748
4759
4836
4881
4923
4967
5001
5077
5175
5203
5291
5344
5398
5421
5432
5481
5504
5582
5606
5700
5786
5845
5918
5999
6094
6150
6214
6249
6341
6382
6457
6513
6602
6648
6715
6770
6805
6891
6933
6989
7085
7129
7154
7216
7257
7272
7336
7387
7398
7454
7540
7569
7604
7685
7723
7742
7827
7922
7964
8009
8068
8136
8233
8297
8358
8402
8431
8496
8584
8672
8747
8786
8860
8943
8964
9008
9043
9058
9089
9140
9223
9282
9373
9437
9468
9559
9587
9613
9668
9685
9769
9785
9817
9838
9937
10002
10101
10188
10265
10300
10362
10424
10480
10543
10605
10626
10670
10758
10841
10935
11022
11059
11142
11185
11231
11273
11366
11378
11476
11535
11550
11591
11674
11757
11798
11850
11896
11954
11992
12030
12071
12086
12134
12195
12284
12348
12394
12485
12503
12537
12560
12657
12726
12787
12799
12831
12872
12951
12970
13016
13062
13118
13210
13235
13297
13385
13429
13518
13589
13672
13703
13729
13783
13842
13875
13936
13984
13996
14064
14145
14167
14239
14285
14368
14451
14520
14555
14638
14711
14809
14842
14926
14951
14983
15057
15074
15151
15182
15236
15253
15266
15338
15416
15480
15542
15578
15616
15634
15665
15678
15724
15820
15894
15955
16042
16115
16146
16168
16229
16304
16355
16378
16443
16478
16513
16532
16621
16657
16745
16812
16845
16882
16963
17011
17023
17108
17146
17165
17209
17264
17362
17395
17407
17419
17442
17526
17561
17589
17637
17725
17791
17804
17851
17950
17985
18028
18066
18135
18232
18320
18377
18429
18454
18530
18629
18718
18804
18885
18968
19021
19040
19092
19121
19197
19210
19251
19313
19379
19404
19421
19446
19502
19570
19599
19673
19769
19826
19925
20004
20075
20108
20192
20265
20282
20333
20401
20445
20531
20607
20618
20713
20769
20791
20824
20890
20978
21037
21128
21207
21225
21252
21349
21396
21407
21441
21520
21568
21599
21676
21729
21794
21820
21882
21899
21957
22023
22067
22083
22176
22237
22322
22409
22501
22592
22684
22706
22778
22790
22804
22886
22974
23010
23065
23162
23177
23204
23293
23354
23452
23474
23513
23524
23576
23603
23702
23753
23852
23914
23980
24068
24100
24144
24205
24269
24285
24369
24392
24464
24499
24576
24601
24612
24640
24679
24695
24716
24744
24775
24836
24933
24988
25053
25136
25189
25235
25317
25341
25417
25428
25485
25530
25569
25646
25691
25765
25803
25820
25891
25914
25957
25988
26009
26047
26090
26183
26224
26269
26284
26301
26355
26389
26475
26538
26610
26701
26728
26776
26798
26820
26863
26874
26926
27001
27060
27118
27135
27204
27267
27322
27355
27370
27415
27470
27542
27575
27619
27646
27745
27826
27923
27944
28039
28107
28129
28184
28232
28298
28357
28412
28504
28518
28581
28647
28686
28715
28759
28823
28847
28930
29017
29058
29119
29147
29218
29277
29330
29388
29473
29558
29612
29623
29648
29725
29743
29839
29924
30021
30067
30115
30209
30245
30272
30319
30415
30436
30525
30580
30656
30707
30722
30776
30809
30904
30937
30968
31050
31114
31161
31234
31302
31336
31375
31442
31529
31577
31598
31657
31721
31754
31781
31876
31942
31954
32011
32043
32111
32189
32271
32355
32446
32485
32517
32541
32574
32586
32604
32635
32654
32667
32749
32837
32868
32893
32934
32993
33015
33098
33120
33172
33264
33310
33385
33416
33439
33494
33592
33624
33707
33779
33856
33869
33917
33946
33980
33991
34055
34143
34217
34253
34290
34388
34476
34543
34564
34593
34637
34664
34752
34839
34931
34974
35032
35073
35149
35248
35342
35356
35419
35477
35509
35578
35622
35699
35731
35754
35828
35920
35989
36008
36072
36144
36192
36260
36277
36362
36427
36446
36465
36523
36602
36641
36675
36713
36804
36826
36884
36970
36999
37081
37098
37142
37228
37322
37355
37396
37475
37538
37557
37576
37651
37700
37733
37754
37766
37820
37848
37903
37982
38055
38069
38113
38180
38202
38248
38292
38364
38449
38474
38502
38527
38553
38564
38663
38718
38817
38906
38967
39046
39099
39112
39147
39190
39206
39273
39292
39386
39440
39525
39567
39608
39647
39708
39734
39798
39845
39928
39993
40005
40093
40127
40159
40214
40226
40322
40335
40357
40372
40425
40487
40560
40582
40611
40654
40700
40767
40854
40880
40947
40981
40995
41072
41144
41165
41220
41293
41368
41427
41453
41548
41642
41689
41744
41822
41879
41978
42050
42114
42161
42252
42331
42417
42511
42522
42605
42620
42681
42697
42715
42736
42780
42854
42905
42953
42995
43036
43104
43157
43192
43255
43354
43451
43546
43569
43607
43628
43647
43682
43715
43790
43838
43907
43940
44014
44058
44136
44221
44257
44318
44389
44473
44484
44502
44533
44580
44672
44699
44775
44797
44850
44923
45001
45090
45141
45230
45261
45305
45317
45350
45411
45446
45534
45629
45674
45702
45729
45824
45843
45908
45974
46018
46104
46146
46211
46259
46317
46373
46398
46485
46504
46572
46639
46735
46754
46817
46866
46932
46991
47057
47122
47219
47275
47357
47453
47496
47595
47673
47719
47797
47891
47916
47930
48014
48085
48114
48136
48173
48217
48243
48266
48331
48377
48413
48459
48525
48542
48576
48615
48648
48680
48746
48839
48862
48898
48954
49031
49075
49160
49191
49203
49256
49348
49406
49503
49529
49571
49628
49721
49755
49838
49869
49891
49988
50087
50128
50184
50270
50334
50370
50441
50468
50524
50561
50619
50656
50679
50712
50806
50835
50913
50979
51016
51043
51118
51135
51201
51254
51269
51290
51358
51390
51483
51544
51589
51624
51701
51772
51793
51891
51948
51989
52053
52071
52107
52185
52226
52254
52346
52390
52453
52475
52518
52590
52678
52771
52787
52873
52892
52916
53004
53057
53099
53194
53246
53268
